vitamin	0.1538	982 982 974 974 1166 1580 1580 1201 1201 1243 1519 1519 1100 1100 1162 1516 1516 1112 1112 1558 1542 1542 976 976 1303 1576 1576 1340 1340 1543 1818 1818 1010 1010 1628 1545 1545 1072 1072 1425 1784 1784 1218 1218 1192 1778 1778 1154 1154 1484 1384 1384 1263 1263 1756 1176 1176 1088 1088 1758 1362 1362 970 970 1006 
vitamin	0.303	1156 1546 1599 1082 1083 1607 1148 1058 1154 1111 1761 1193 1179 1294 1257 1484 1184 1164 1525 1241 1249 1459 1245 1233 1204 1062 1668 1102 1058 1326 1187 1384 1339 
Value	0.1961	1320 1320 1446 1387 1387 1399 1195 1195 982 1203 1617 1617 1298 1197 1197 1434 1544 1285 1285 1242 1524 1524 1146 1186 1186 1536 1191 986 986 1231 1536 1536 1349 1202 1741 1741 1474 1193 1193 1291 1446 1446 1230 982 1030 1030 1173 1275 1275 1331 1128 
Value	0.2381	2478 2478 1531 1961 1961 2345 1156 772 772 1887 2062 2062 1420 1981 2522 2522 1506 558 558 2402 2454 750 750 1236 2550 2550 1838 638 2454 2454 2426 697 697 1530 2490 1801 1801 1473 2204 2204 2006 822 
Trans	0.4	942 942 942 1897 1384 996 996 1299 1654 1206 1876 1876 1452 998 1946 1184 1184 984 1882 1191 1244 1244 1596 1301 1614 
Total	0.2941	1612 1612 528 528 2014 2014 2126 2126 768 768 2286 2286 1716 1716 588 588 2230 2230 1934 1934 678 678 1418 1418 1962 1962 1098 1098 2098 2098 2110 2110 630 630 
Total	0.2778	1388 1388 2430 2490 1130 854 854 1638 2410 2258 976 976 2005 2374 1971 850 850 1484 2434 2406 1464 1464 962 1592 2081 2088 2088 1503 2165 2354 2156 2156 598 1776 2470 2258 
Total	0.3846	2258 2258 1820 1549 1905 2188 2188 1636 1389 1883 2330 2330 1989 1497 1332 1754 1754 2175 1944 1945 2170 2170 2214 1492 1484 2230 
Total	0.303	802 802 1090 1090 2470 2218 2218 889 889 2370 2418 2418 918 918 1424 2430 2430 2078 2078 928 1417 1417 2216 2216 1854 1312 1312 2354 2354 2354 674 674 1886 
Total	0.3333	2230 2230 1126 1854 1854 2374 2047 2047 1451 2334 2334 2334 1488 1694 1694 2402 2370 2370 1486 1393 2063 2063 2070 1774 1774 2422 2374 2374 1358 1632 
Total	0.3226	2178 2178 1154 1692 1692 2410 2057 2057 1313 2162 2346 2346 1656 1378 1378 2270 2362 1500 1500 1272 1936 1936 2027 1647 2125 2125 2374 1732 1732 1232 2302 
Total	0.2632	2334 2334 2218 1657 1657 1602 1395 1395 1218 1908 1991 1991 1587 2186 2186 2382 1596 1156 1156 2090 2382 2382 1783 1120 1034 1034 1038 1058 1058 1106 1600 1681 1681 1385 2042 2042 1715 1145 
Thiamin	0.3226	1415 2130 1261 1295 1472 1606 1359 1836 1970 1340 1580 1264 1733 1448 2111 1241 1404 1650 1400 1802 1513 1424 2071 1201 1516 1436 1233 1963 1428 1525 1564 
Sugars	0.2222	1203 1203 1151 1151 1519 910 910 1110 1110 1801 664 664 1297 1297 1684 671 671 1897 1897 950 792 792 2112 2112 962 1247 1247 1279 1279 914 2154 2154 878 878 914 1948 1948 968 968 912 1401 1401 1156 1156 1190 
Sugars	0.2128	1249 1846 1497 1298 1278 1302 1539 1821 1181 1014 1628 2278 1130 1014 1171 2302 1648 942 1409 2241 1485 1176 1229 1892 2362 1142 1112 1827 1665 1314 1433 2382 1683 1006 1066 2081 1960 1246 1228 1131 1514 1936 1396 1335 1657 1895 1135 
Sugars	0.1961	1479 1479 1298 1298 1182 1148 1148 1381 1381 1259 1376 1376 1580 1580 990 958 958 1576 1576 1325 1442 1442 1540 1540 1162 1158 1158 1876 1364 1364 1227 1227 1626 1380 1380 1430 1430 1847 1046 1046 1644 1644 1676 1222 1222 1137 1137 1565 1353 1353 1420 
Sugars	0.4167	1323 1497 1388 1515 1234 1344 1285 1250 1352 1292 1531 1409 1325 1257 1506 1352 1466 1264 1385 1274 1304 1369 1446 1307 
Sugars	0.3448	1229 1380 1201 1210 1400 1266 1396 1509 1120 1180 1373 1246 1657 1400 1649 1490 1229 1436 1428 1408 1497 1126 1550 1297 1135 1283 1489 1452 1344 
Sugars	0.25	1352 1352 1828 1367 1302 1407 1770 1262 1524 2012 1134 1134 1150 2064 1492 1270 2052 1520 1411 1855 1892 1892 1150 1759 1722 1538 1989 1830 1078 1849 1892 1892 1395 1237 1651 1811 1550 1827 1609 1070 
Sugars	0.5263	1397 1202 1470 1091 1642 1043 1670 1026 1437 1194 1509 1124 1352 1588 978 1707 1148 1218 1457 
Sodium	0.1389	2147 2147 2147 1722 1722 1404 1404 1404 2254 2254 1947 1947 1947 1472 1472 2234 2234 2234 1792 1792 1748 1748 1748 2250 2250 1687 1687 1687 1935 1935 2250 2250 2250 1314 1314 1776 1776 1776 2274 2274 1322 1322 1322 1756 1756 2266 2266 2266 1408 1408 1963 1963 1963 2178 2178 1248 1248 1248 2158 2158 2174 2174 2174 1651 1651 2202 2202 2202 2056 2056 1611 1611 
Value	0.2857	2394 2394 1551 2075 2075 2192 948 1364 1364 1953 1596 1596 1926 2189 1002 1002 1488 2550 2550 1178 1224 2300 2300 1326 1406 1406 2292 1106 1365 1365 2202 1755 1755 1772 1984 
Sodium	0.0714	1914 1914 1914 1914 1962 1962 1962 1787 1787 1787 1237 1237 1237 1237 1604 1604 1604 1891 1891 1891 1170 1170 1170 1170 1258 1258 1258 2051 2051 2051 2318 2318 2318 2318 1177 1177 1177 1496 1496 1496 1875 1875 1875 1875 1655 1655 1655 1030 1030 1030 1800 1800 1800 1800 2170 2170 2170 1831 1831 1831 1106 1106 1106 1106 1512 1512 1512 2270 2270 2270 1412 1412 1412 1412 1182 1182 1182 1624 1624 1624 2282 2282 2282 2282 1317 1317 1317 1190 1190 1190 1592 1592 1592 1592 2346 2346 2346 1050 1050 1050 1424 1424 1424 1424 2110 2110 2110 1832 1832 1832 1014 1014 1014 1014 1852 1852 1852 2226 2226 2226 1608 1608 1608 1608 970 970 970 1952 1952 1952 2346 2346 2346 2346 1516 1516 1516 922 922 922 
Serving	0.2857	1965 1850 1245 1438 1393 1801 1875 1525 1590 1504 1917 1541 1666 1700 1504 1688 1340 1724 969 1561 1301 1598 1384 1432 1164 1492 1593 1188 1576 1156 1432 1408 1269 1853 1840 
Serving	0.1667	1825 1825 1723 1493 1493 1827 1697 1697 999 1314 2470 2470 1826 1407 1407 2016 2106 2106 1056 1444 2534 2534 1771 1231 1231 948 1677 1677 2422 1483 1977 1977 1993 952 952 1242 2550 2550 1616 673 1808 1808 2510 1464 1464 1472 2534 2534 1624 722 2047 2047 2302 1352 1352 1625 2530 2530 1524 738 
Saturated	0.1042	1086 1086 1066 1066 1102 1102 1220 1220 1402 1402 682 682 1296 1296 1398 1398 1026 1026 1150 1150 1862 1862 1026 1026 682 682 1724 1724 1404 1404 634 634 922 922 2014 2014 770 770 592 592 994 994 1968 1968 646 646 1380 1380 1764 1764 878 878 768 768 1076 1076 1498 1498 1024 1024 1002 1002 1806 1806 1434 1434 506 506 1304 1304 1692 1692 726 726 786 786 1848 1848 1280 1280 952 952 1116 1116 1512 1512 988 988 1370 1370 1628 1628 750 750 762 762 
Saturated	0.2857	1168 1156 1136 1128 1152 1360 1469 1446 1355 1217 1250 1287 1528 1361 1427 1172 1322 1160 1383 1227 1350 1192 1246 1291 1494 1222 1370 1297 1311 1323 1251 1238 1275 1237 1510 
Saturated	0.1299	1176 1176 1419 1376 1266 1254 1254 1324 1494 1476 1146 1146 1213 1544 1668 1507 1507 1519 1747 1608 1252 1252 1512 1818 1493 1204 1204 1190 1676 1428 1046 1046 1038 1465 1716 1186 1186 1258 1696 1517 1339 1156 1156 1279 1613 1656 1463 1463 1509 1760 1516 1180 1180 1554 1798 1411 1100 1100 1353 1717 1722 1518 1518 1461 1544 1507 1180 1180 1465 1661 1459 1218 1218 1257 1759 1596 1086 
Saturated	0.1613	922 922 1815 1425 1138 1142 1149 1617 1354 736 1506 1506 1716 1175 1249 2454 1147 878 1190 2454 1150 1150 1000 770 2422 1199 834 810 2282 1492 782 850 850 2510 1214 1182 1004 1193 1944 1202 1206 2278 2278 1558 782 1066 2418 1399 1008 870 2288 1474 1474 1182 1523 1992 830 946 2348 1304 1048 1134 
Saturated	0.1563	950 1459 1656 1218 1186 1185 1328 1775 1319 866 1419 1783 1230 1166 1879 2053 962 947 1569 2242 1164 999 938 2138 1624 849 910 1430 2266 1086 858 1333 2302 1298 1129 1088 1221 1844 1335 1174 1632 2357 1050 915 1337 2362 1288 1020 1046 2107 1621 1157 1287 1949 1448 786 1533 2084 1153 1051 1193 2188 1772 854 
Saturated	0.1408	1275 1275 1577 1235 1235 1150 1140 1140 1377 1440 1052 1052 1361 1412 1412 1308 1482 1482 1582 1066 1342 1342 1855 1189 1189 1111 1502 1318 1318 890 1119 1119 1474 1374 1374 1170 1685 1226 1226 1145 1251 1251 1519 1414 1414 1423 1619 1462 1462 1088 1549 1549 1771 1072 1197 1197 1635 1418 1418 1349 1447 1447 1384 1271 1434 1434 1482 1231 1231 1292 1646 
Riboflavin	0.25	1266 1616 1457 1468 1510 1956 1330 1810 2051 1289 1739 1424 1751 2022 1270 1706 1403 1629 2066 1270 2183 1408 1358 2210 1360 1553 1500 2158 1389 1617 1490 1490 1621 1254 2185 1167 2050 1301 1328 2162 
Protein	0.0971	2038 2038 1823 1823 1165 1278 1278 1688 1688 1570 882 882 1648 1648 2086 1917 1917 1330 1330 1322 1586 1586 2012 2012 1872 1206 1206 1682 1682 2078 1685 1685 852 852 1672 2118 2118 1969 1969 1130 978 978 1898 1898 1956 1621 1621 1526 1526 1877 1791 1791 890 890 1400 2130 2130 1980 1980 500 1836 1836 2054 2054 1774 1032 1032 1754 1754 2114 1728 1728 646 646 774 742 742 738 738 750 680 680 1588 1588 2190 678 678 746 746 810 2055 2055 1505 1505 890 968 968 1811 1811 2024 694 694 750 
Protein	0.0971	1893 1893 1571 1571 1236 1442 1442 1704 1704 1457 1166 1166 1532 1532 2226 1757 1757 1455 1455 1364 1389 1389 2044 2044 1860 1463 1463 1541 1541 2108 1712 1712 1232 1232 1440 2158 2158 2032 2032 1586 1237 1237 1634 1634 2222 1928 1928 1700 1700 1862 1848 1848 1432 1432 1170 2170 2170 2102 2102 1444 1086 1086 2402 2402 2072 1686 1686 1524 1524 2294 1988 1988 1310 1310 970 1002 1002 974 974 1058 1444 1444 1927 1927 1353 1308 1308 1488 1488 1627 1327 1327 1504 1504 1734 1068 1068 1072 1072 1583 1800 1800 1102 
Protein	0.1515	982 982 986 986 1420 2226 2226 1941 1941 1482 1486 1486 1768 1768 1599 1275 1275 1977 1977 2142 1627 1627 1430 1430 1317 2078 2078 1897 1897 1437 1780 1780 2256 1398 1398 1270 1270 2034 2198 2198 1513 1513 1177 1946 1946 2123 2123 1711 1781 1781 2009 2009 1336 1353 1353 2350 2350 1760 1126 1126 2058 2058 2286 1554 1554 1615 
Protein	0.1587	2242 2242 1987 1529 1408 1530 1530 1579 1461 1281 1632 1632 2206 2122 1675 1384 1384 1406 1813 2302 1965 1538 1538 1699 2206 2193 1619 1619 1375 1846 2278 2158 2158 1726 1351 1429 2035 2035 2274 2079 1903 2029 2252 2252 1920 1352 1552 2262 2262 2246 1496 1368 2042 2042 2350 1899 1573 1895 1895 2322 2052 1356 1070 
Protein	0.1923	2526 2526 2418 1433 1433 1628 1829 1829 1618 906 2486 2486 2462 1476 1476 1205 1766 2546 2546 1798 1303 1303 2546 2276 860 860 1898 2494 2494 1980 1024 1736 1736 2526 1997 1997 1462 2142 2254 2254 805 2030 2030 2550 1568 850 850 2550 2450 2450 1070 2342 
Protein	0.6667	1506 1296 1567 1286 1521 1656 1430 1696 1575 1464 1506 1944 1122 1616 1684 
Protein	0.2	2378 2378 2490 1556 1556 1457 1870 1870 1574 966 2550 2550 2310 1446 1446 962 2292 2292 2518 1143 2274 2274 2470 930 930 1599 2502 2502 2093 1008 1752 1752 2538 1825 1825 1732 2300 2300 1712 858 2550 2550 2362 556 556 2278 2542 2542 1251 2238 
Protein	0.6667	1506 1296 1567 1286 1521 1656 1430 1696 1575 1464 1506 1944 1122 1616 1684 
Potassium	0.0971	1906 1906 1895 1895 1287 1174 1174 1443 1443 1484 1187 1187 862 862 1922 1932 1932 1261 1261 1333 2038 2038 1911 1911 866 1150 1150 2008 2008 1949 1320 1320 989 989 1657 1872 1872 1491 1491 1398 2022 2022 1878 1878 796 1337 1337 1784 1784 1619 1545 1545 1838 1838 1669 739 739 1492 1492 1718 1536 1536 1548 1548 1818 1585 1585 595 595 1870 1968 1968 1206 1206 742 2070 2070 2033 2033 915 927 927 2021 2021 1976 806 806 1404 1404 2006 1784 1784 950 950 1730 1889 1889 1786 1786 952 1810 1810 1981 
Polyunsaturated	0.1163	1347 1347 1923 1923 1195 1171 1171 1179 1179 1302 1367 1367 1158 1158 1542 1397 1397 1280 1280 1344 1536 1536 1420 1420 1202 1672 1672 1206 1206 1279 1501 1501 1190 1190 1191 1419 1419 1230 1230 1352 1556 1556 906 998 998 1332 1332 1584 1142 1142 1658 1658 1566 1178 1178 1366 1366 1604 1252 1252 1090 1090 1553 1466 1466 1599 1599 1628 1223 1223 1199 1199 1567 1438 1438 1470 1470 1706 1456 1456 1048 1048 1606 1686 1686 1024 
Polyunsaturated	0.099	2102 2102 1245 1245 854 911 911 994 994 1347 802 802 1278 1278 1747 949 949 906 906 1130 1824 1824 848 848 1086 1888 1888 653 653 1289 1660 1660 918 918 1281 1634 1634 730 730 1468 1780 1780 597 597 678 1415 1415 1788 1788 468 1696 1696 1536 794 794 827 827 1752 1390 1390 654 654 1500 1291 1291 1183 1183 1508 1447 1447 718 718 1594 1420 1420 1079 1079 1223 1877 1877 838 838 907 1976 1976 1319 1319 707 1138 1138 2010 2010 730 561 561 1243 1243 1942 592 592 1516 
Polyunsaturated	0.1613	894 946 1124 1040 1064 1027 878 1534 1130 1465 882 858 1175 914 1490 1264 1413 862 1848 996 1348 1988 858 1547 959 1454 1759 1055 1384 1271 1498 1230 1689 1308 1863 914 1996 1376 842 1755 1004 1651 1632 862 1948 1080 1072 1700 1295 1747 939 1783 1604 934 1632 1296 1794 1038 1742 1189 1181 1816 
Per	0.4167	1906 1906 2450 1606 1606 1271 1526 1526 1538 952 1186 1186 2442 1905 1905 1293 1782 2105 2105 1143 1126 1126 2542 1819 
Nutrition	0.2041	1808 810 672 1003 1248 656 577 1778 877 788 1610 768 736 1145 1137 335 587 1448 964 740 1254 1351 1232 376 815 1752 484 299 1158 1768 278 194 1732 1120 679 1071 975 631 927 1796 599 611 1452 630 675 1744 1840 1820 1804 
Monounsaturated	0.0935	2126 2126 1380 1798 1551 1747 1747 1621 1596 1959 1082 1082 1826 1650 1228 1363 1363 2048 1284 1540 2042 2042 1290 1282 2066 1430 1430 1332 2036 1305 1224 1224 1755 1815 1094 2078 2078 1376 1086 1376 2054 2054 1106 1664 1915 1260 1260 1298 2110 1276 1291 1291 1817 1550 1636 1837 1152 1152 1579 1788 1441 1729 1729 2088 1106 1244 2154 2154 1443 1092 1884 1612 1612 1050 1239 2186 1162 1162 1376 2162 1295 1192 1192 1286 1849 1458 1457 1457 2218 1322 1116 1886 1886 1766 1100 1470 2101 2101 1445 1437 1941 1276 1276 1441 2078 1192 1200 
Monounsaturated	0.1042	2069 2069 1192 1794 1555 1706 1706 1201 1985 1142 1390 1390 1884 1068 1177 1997 1997 1091 1612 1720 910 910 1372 1840 974 1894 1894 1367 999 1617 1663 1663 990 2021 1159 1059 1059 1987 1218 1130 2090 2090 1020 1030 2054 1074 1074 1436 1546 1258 1804 1804 1209 1393 1618 1243 1243 2061 1305 964 2122 2122 1169 914 2022 1207 1207 935 1842 1285 922 922 2094 1287 1080 1361 1361 1686 1309 2073 1306 1306 1080 2106 1256 1078 1078 2032 1491 1461 1791 1791 974 1919 1420 1098 
Iron	0.2174	1138 1138 1596 1596 1828 1828 1138 1138 1186 1186 1660 1660 1936 1936 1472 1472 1278 1278 1278 1278 1792 1792 1704 1704 1286 1286 1294 1294 1448 1448 1652 1652 1416 1416 1122 1122 1620 1620 1952 1952 1400 1400 1318 1318 1424 1424 
Iron	0.5	2162 2162 1186 1740 1919 1122 1122 1134 1894 1794 1264 1264 1382 2189 1279 1716 1716 1884 1126 1214 
Harvest	0.303	1971 1951 1967 1296 999 2145 1554 1557 1633 1573 1405 2202 1316 1777 1926 1853 2198 1743 1869 1787 1766 2122 1503 1531 1638 1579 1555 2145 1547 1637 1603 1629 2129 
from	0.3125	2114 2114 1433 1181 1181 1215 1014 974 974 2148 1125 1125 1101 1010 1957 1957 1109 1100 1100 1517 1661 691 691 1772 1544 1544 1008 1314 2038 2038 1017 1057 
from	0.3846	1180 1180 1198 2274 1482 1214 1214 1152 1813 1811 1178 1178 1210 1619 1973 1046 1046 1524 2102 1217 1186 1186 1783 1992 1201 1198 
folate	0.3846	1472 1472 1290 1666 1730 1178 1178 1947 1390 1350 1783 1783 1553 1631 2052 1352 1352 1203 1971 1520 1256 1256 1823 1833 1629 1783 
Fiber	0.3125	890 890 2010 1767 1767 1170 1268 1250 1250 834 2322 2322 1253 810 2370 2370 1431 938 938 1227 2466 790 790 1696 2054 2054 1034 1380 2078 2078 866 1228 
Fiber	0.6667	1398 1558 1335 1290 1443 1392 1419 1274 1328 1319 1377 1315 1247 1284 1319 
Fiber	0.3571	2022 2022 1629 1064 1165 1092 1092 934 2542 742 1267 2342 2342 1174 1206 2232 1081 1081 1179 2278 1382 1623 1948 1948 740 1552 2089 1207 
Fat	0.3571	1652 1652 1604 1604 1028 1028 1018 1018 1028 1028 806 806 762 762 1482 1482 1168 1168 962 962 1278 1278 1780 1780 714 714 858 858 
Fat	0.5	1262 1262 1723 1307 1307 1134 1182 1182 1072 1022 1295 1295 1538 1336 1336 1493 1658 1658 1244 1168 
Fat	0.4348	1676 1676 2234 2234 1671 1416 1416 1384 1384 1113 1415 1415 1910 1910 1623 1640 1640 2158 2158 1692 1128 1128 1690 
Fat	1.1111	1301 1487 1250 1169 1177 1279 1344 1223 1349 
Fat	0.4	1046 1046 1504 1758 1309 1161 1161 1186 1111 1094 1331 1331 1703 1627 1405 1473 1473 1702 1436 1236 1596 1596 1682 1346 1042 
Fat	0.5882	1006 1006 1696 1956 1253 1213 1213 1209 1098 1801 1546 1339 1339 1911 1780 1030 1432 
Fat	0.625	2110 2110 1318 1065 1053 1014 1014 1629 1445 1616 1968 1968 938 1546 1977 1060 
Fat	0.4545	1162 1162 1500 1484 1484 1299 1233 1164 1164 1217 1296 1340 1340 1412 1658 1658 1504 1272 1476 1476 1508 1282 
Fat	0.4	934 934 1412 1412 1662 1187 1187 1087 1087 1099 1020 1020 1050 1050 1491 1486 1486 1194 1194 1520 1652 1652 1116 1116 1288 
Fat	0.4348	1810 1810 1540 1540 899 957 957 969 969 766 818 818 1692 1692 1328 1100 1100 1472 1472 1964 661 661 1108 
Fat	0.5556	1662 1662 1085 1125 1125 1015 1099 1509 1509 1232 1654 1654 1711 794 1416 1416 2080 963 
Fat	0.5556	1664 1664 2098 1201 1196 1229 1144 1144 1022 1595 1679 1425 1511 1511 2170 1502 1124 1634 
Fat	0.5556	1664 1664 2098 1201 1196 1229 1144 1144 1022 1595 1679 1425 1511 1511 2170 1502 1124 1634 
Facts	0.4348	1530 1649 1589 1454 1231 1542 1682 1336 1568 1652 1319 1652 1316 1454 1170 1121 1636 1673 1194 1259 1600 1451 1528 
Facts	0.4167	887 933 1054 1672 903 794 950 623 845 1262 696 966 1002 967 1521 597 474 1380 1437 954 1054 1112 1602 1667 
dot	2.0	867 899 964 952 915 
dot	2.0	1066 1200 1695 1646 1054 
dot	2.0	1143 1200 1444 1428 1200 
dot	0.5556	1122 1122 1202 1202 1610 1610 2058 2058 2212 2212 2218 2218 1720 1720 1222 1222 1106 1106 
dot	2.5	1323 1614 1772 1465 
dot	1.0	1154 1154 1267 1906 2085 2085 2085 1870 1255 1138 
dot	0.5	1058 1058 1058 1172 1172 1580 1580 1580 1980 1980 1837 1837 1837 1473 1473 1126 1126 1126 1050 1050 
dot	1.4286	1281 1281 1635 1699 1687 1537 1192 
dot	2.5	1146 1306 1675 1488 
Dietary	0.1667	1042 1042 1584 1584 1500 874 874 906 906 958 1203 1203 1724 1724 1317 1275 1275 1684 1684 1082 1692 1692 1657 1657 1296 1402 1402 1632 1632 1324 1220 1220 1790 1790 1362 1032 1032 1401 1401 1734 1287 1287 1341 1341 1693 1388 1388 1162 1162 1852 1424 1424 1110 1110 1220 1441 1441 1420 1420 1300 
Dietary	0.3704	1123 1155 1164 1156 1184 1345 1635 1338 1420 1514 1434 1442 1441 1311 1402 1262 1519 1386 1356 1385 1308 1348 1357 1328 1331 1378 1384 
Dietary	0.2381	882 882 2302 1344 1344 802 2314 1168 1168 982 2268 2268 1453 1372 2050 2050 1186 1026 1026 2430 1370 1028 1028 1534 1752 1752 1247 1967 1796 1796 846 1448 1448 2318 1170 1212 1212 1152 1894 1894 1312 1219 
Dietary	0.2	1621 1621 611 611 2386 1046 1046 916 916 2040 1474 1474 1247 1247 1446 1784 1784 906 906 1166 2180 2180 1214 1214 791 1324 1324 1845 1845 1240 1197 1197 2033 2033 1546 532 532 2234 2234 1644 1055 1055 1050 1050 1474 1775 1775 967 967 1541 
Dietary	0.2703	970 970 907 2342 1038 826 826 2272 742 1429 1913 1913 1377 1636 1677 841 841 1903 1779 948 1353 1652 1652 1392 2069 1478 725 725 1873 1632 1200 1108 1108 1503 1625 1062 1729 
Daily	0.2941	1573 1573 675 2086 2086 2530 1523 1523 883 2036 1893 1893 1308 2150 2150 2538 1224 786 786 2550 2234 2234 674 1211 1211 2550 1886 587 587 1771 2414 2414 1385 2310 
Cinnamon	0.1613	2182 2246 1129 1313 1958 2019 1978 1494 1408 2214 1560 1108 1982 1998 1994 1917 1222 1648 2218 1568 1271 1489 1555 1528 1243 1186 2206 2234 1096 1499 2006 1962 1527 1197 1893 2035 1872 1226 1576 2214 1547 1486 1674 1759 1780 1710 1583 1470 2095 1973 1149 1865 1954 1986 1921 1218 1494 2214 2190 2210 2198 2210 
Cholesterol	0.0847	994 994 1980 1980 1854 1854 1108 1108 1408 1408 2078 2078 1892 1892 580 580 1654 1654 1988 1988 1498 1498 976 976 1774 1774 1996 1996 1240 1240 754 754 2158 2158 2044 2044 770 770 1408 1408 1830 1830 1662 1662 1328 1328 1548 1548 1642 1642 1272 1272 738 738 1524 1524 1676 1676 1474 1474 1636 1636 1644 1644 1134 1134 870 870 1764 1764 1938 1938 1540 1540 832 832 1254 1254 1938 1938 1702 1702 1302 1302 1492 1492 1644 1644 1344 1344 662 662 1930 1930 1896 1896 1458 1458 1148 1148 1158 1158 1808 1808 1998 1998 1224 1224 1080 1080 1972 1972 1784 1784 848 848 1322 1322 
Cholesterol	0.0847	1960 1960 1522 1522 1514 1514 2238 2238 1852 1852 1240 1240 1474 1474 2254 2254 1774 1774 1304 1304 1744 1744 2310 2310 1594 1594 1114 1114 2078 2078 2086 2086 1452 1452 1156 1156 2252 2252 1978 1978 1644 1644 1692 1692 2018 2018 1636 1636 1204 1204 1588 1588 1960 1960 1756 1756 1758 1758 2042 2042 1602 1602 1196 1196 1490 1490 2398 2398 1872 1872 1318 1318 1302 1302 2132 2132 2076 2076 1692 1692 1596 1596 1952 1952 1758 1758 1320 1320 1336 1336 2422 2422 1840 1840 1408 1408 1206 1206 1434 1434 2284 2284 1928 1928 1442 1442 1506 1506 2326 2326 1798 1798 1328 1328 1500 1500 2462 2462 
Cholesterol	0.0926	1728 1728 1718 1718 2126 2126 2028 2028 1432 1432 1864 1864 2350 2350 1586 1586 1534 1534 2008 2008 2060 2060 1452 1452 1804 1804 2350 2350 1444 1444 1554 1554 2134 2134 2196 2196 1758 1758 1814 1814 1960 1960 1532 1532 1524 1524 1840 1840 1970 1970 1882 1882 1914 1914 1758 1758 1452 1452 1700 1700 2230 2230 1806 1806 1326 1326 1490 1490 2060 2060 2130 2130 1706 1706 1870 1870 2044 2044 1596 1596 1732 1732 2182 2182 2090 2090 1520 1520 1320 1320 1814 1814 2214 2214 1574 1574 1590 1590 1968 1968 2036 2036 1546 1546 1788 1788 2222 2222 
Cholesterol	0.1042	2246 2246 1847 1354 1298 1555 1555 1840 1576 1271 1640 1640 2290 2094 1615 1659 1659 2178 2210 1588 1436 1436 1938 2262 1864 1542 1542 1832 2234 1991 1385 1385 1524 2214 2226 1524 1524 1344 1868 2246 2091 2091 1911 1989 2112 1857 1857 1356 1422 1964 2080 2080 1964 2005 2117 1829 1829 1466 1574 2078 2290 2290 1944 1527 1290 1624 1624 2188 2200 1928 1959 1959 2136 2003 1470 1456 1456 2126 2306 1868 1594 1594 1358 1554 2096 2210 2210 1670 1594 2025 2212 2212 1692 1356 1708 2298 
Cholesterol	0.1235	1432 1432 853 1803 1803 1823 1155 1155 1592 2486 1847 1847 1432 2514 2514 2080 729 729 2256 2462 1184 1184 2106 2478 2478 1211 1042 2534 2534 2214 654 654 2092 2414 2414 1677 1832 2263 2263 1598 1336 1336 2178 1954 1954 1831 2153 1474 1474 1179 2410 2410 2374 1259 954 954 2466 2318 2318 1448 1994 1994 2214 1142 1874 1874 2446 1863 1863 1272 982 982 2546 2238 1038 1038 2266 2454 2454 918 1317 
Cholesterol	0.25	1078 1793 1368 1429 1347 1464 1890 1043 1878 790 1842 1237 1803 1302 1675 1600 1470 1755 1417 1709 990 1754 1636 1758 979 1875 1368 1580 1750 1417 1705 886 1875 1270 1596 1891 1281 1839 825 1955 
Cholesterol	0.1299	2518 1886 1121 1297 1738 1866 1486 874 1672 2546 2254 1202 1654 2494 2466 1179 1070 2273 2534 1703 1284 2119 2514 1826 850 1428 2530 2510 1224 950 2160 2490 2037 1509 1965 2291 1993 1129 1682 2175 1981 1684 2050 2189 1670 1004 1646 2510 2410 1565 1041 1305 2461 2410 1728 1585 2200 2316 1534 902 2262 2522 1996 1392 1230 1171 2433 2486 1594 1316 2394 2514 1567 774 1784 2550 2242 
Carbohydrate	0.0971	2237 2237 2170 1553 1233 1505 1505 1810 1548 1287 1552 1552 2187 2013 1931 2126 2126 2238 1608 1568 2210 2210 2194 1768 1377 1596 1596 2230 2130 1694 1748 1748 2202 2002 1599 1759 2274 2274 1876 1598 1908 2228 2228 1671 1540 2062 2278 2278 1679 1723 2174 2088 2088 1472 1425 1933 2084 2084 1827 1885 1815 1359 1359 1578 2334 1965 1667 1667 1868 2370 1776 1476 1860 1860 2338 1852 1518 1244 1244 1601 2163 1972 1941 1941 2107 2120 1580 1587 1587 1986 2278 1849 1370 1370 1372 1848 2246 2033 2033 1944 1999 1925 1441 
Carbohydrate	0.0943	1919 1919 2394 2466 995 1047 1047 1716 1712 1555 882 882 1985 2176 1940 1560 1560 2430 2434 1604 1002 1002 2550 2462 1635 1493 1493 834 2358 2486 2083 2083 1132 2454 2474 1538 1538 938 2434 2486 1520 1520 1420 2510 2392 1054 1054 1275 2550 2494 1283 1283 1723 2518 2366 838 838 1550 2462 1978 1660 1660 2526 1963 798 1891 1891 2486 2274 1171 2250 2250 2474 2118 726 2330 2330 2434 2009 1465 1108 1108 1628 2079 2096 1633 1633 2282 2398 2011 884 884 1779 2502 2470 1466 1466 934 1901 2374 2246 2246 1653 2100 2180 1962 
Carbohydrate	0.0893	770 770 1548 1548 1264 1264 1086 1086 1952 1952 1302 1302 1530 1530 2550 2550 994 994 1668 1668 2342 2342 1102 1102 974 974 2286 2286 1736 1736 1110 1110 2518 2518 1218 1218 1354 1354 2446 2446 842 842 1902 1902 2238 2238 696 696 2262 2262 1678 1678 1264 1264 2550 2550 1082 1082 1254 1254 2414 2414 1442 1442 2236 2236 930 930 1644 1644 2262 2262 1090 1090 2294 2294 1780 1780 850 850 2526 2526 1636 1636 1174 1174 1304 1304 1898 1898 1424 1424 2244 2244 2076 2076 676 676 2138 2138 2182 2182 896 896 1346 1346 2284 2284 1426 1426 1894 1894 
Calories	0.2222	2210 2234 1864 1142 1010 1092 1180 1755 1548 1332 1587 1603 1291 1325 1413 1453 1507 1319 1176 1715 1382 1181 1571 1258 1356 1584 1194 1400 1591 1202 1222 1369 1758 1107 1406 1500 1410 1405 1311 1129 1417 1443 1601 1369 1063 
Calories	0.2222	1200 1200 1423 1395 1395 1341 1718 1718 1394 1206 1544 1544 1292 1454 1454 1392 1184 1271 1271 1513 1329 1329 1345 1532 1281 1281 1153 1472 1472 1398 1328 1532 1532 1444 1405 1405 1505 1357 1254 1254 1425 1404 1404 1472 1571 
Calories	0.1099	2182 2182 2190 2190 1516 1066 1066 1176 1176 1469 1580 1580 1379 1379 1183 1326 1326 1770 1770 1945 1952 1952 2058 2058 2148 1842 1842 1354 1354 1552 2246 2246 2034 2034 1416 1380 1380 1860 1860 2076 1796 1796 1627 1627 1900 2016 2016 1683 1388 1388 1806 1806 2234 1949 1949 1772 1772 1443 1528 1528 2068 2068 2202 1508 1508 1271 1271 1683 2088 2088 2043 2043 1968 1998 1998 2015 2015 1777 1364 1364 1372 1372 1877 2133 2133 2062 2062 2007 1913 1913 1551 
Calories	0.1613	1968 1968 1588 1588 2374 2374 2414 2414 664 664 2062 2062 2510 2510 890 890 1562 1562 2518 2518 1384 1384 1512 1512 2550 2550 1426 1426 1320 1320 2510 2510 1832 1832 1306 1306 858 858 2542 2542 2102 2102 672 672 2454 2454 2254 2254 1302 1302 2042 2042 2114 2114 1036 1036 1894 1894 2018 2018 1718 1718 
Calories	0.1754	1299 1299 1597 2080 2076 1774 1774 2153 2326 2044 1102 1102 1881 2310 2218 1333 1333 1858 2294 2202 1412 1412 1859 2302 2136 1328 1328 1996 2298 2194 1521 1401 1401 1330 2242 2270 1869 1869 1268 2144 2302 1949 1949 1749 2100 2112 1582 1582 1496 2028 2079 1884 1884 2092 2111 1618 1002 
Calories	0.1818	906 906 1707 1738 1738 866 922 922 1023 1434 934 934 1350 1633 1633 1345 1994 1498 1498 746 1820 1820 1536 770 1997 1997 1281 1158 1158 1403 1929 1929 842 1216 2106 2106 1113 1136 1136 1094 2142 714 714 1538 1742 1742 1297 1651 1545 1545 824 1638 1638 1437 1438 
Calories	0.1786	998 998 1523 2090 1039 962 962 986 1059 1295 1091 1091 1339 1809 1435 1377 1377 1833 2068 1014 1266 1266 2238 1110 1393 2064 2064 1323 1136 1351 2084 2084 1421 1170 2274 1449 1449 1218 1124 1520 2182 2182 1038 1405 2116 1540 1540 1433 1644 1888 1120 1120 1380 1821 1506 1489 
Calories	0.125	866 866 850 850 2382 2382 730 730 866 866 800 800 1426 1426 1076 1076 988 988 1638 1638 1076 1076 1320 1320 2206 2206 586 586 1178 1178 2030 2030 480 480 1970 1970 1384 1384 802 802 706 706 2310 2310 970 970 762 762 2390 2390 754 754 906 906 722 722 2358 2358 722 722 1362 1362 2056 2056 1002 1002 1174 1174 1926 1926 668 668 1532 1532 1368 1368 1166 1166 1458 1458 
Calcium	0.5882	1322 1684 1571 1321 1693 1290 1497 1478 1795 1246 1662 1489 1158 1729 1293 1461 1541 
Calcium	0.2703	1751 1751 1689 2068 1670 1182 1182 2082 1628 1308 2080 2080 1545 1423 1604 1375 1375 1297 2258 1332 1496 2286 2286 1198 1210 2078 1728 1728 1178 2110 1719 1398 1398 1903 2018 1378 1511 
Calcium	0.1389	2147 2147 2147 1722 1722 1404 1404 1404 2254 2254 1947 1947 1947 1472 1472 2234 2234 2234 1792 1792 1748 1748 1748 2250 2250 1687 1687 1687 1935 1935 2250 2250 2250 1314 1314 1776 1776 1776 2274 2274 1322 1322 1322 1756 1756 2266 2266 2266 1408 1408 1963 1963 1963 2178 2178 1248 1248 1248 2158 2158 2174 2174 2174 1651 1651 2202 2202 2202 2056 2056 1611 1611 
Calcium	0.0943	1138 1138 1586 1586 1870 1870 1450 1450 1148 1148 1106 1106 1308 1308 1504 1504 1392 1392 1186 1186 1498 1498 1814 1814 1512 1512 1342 1342 1456 1456 1928 1928 1740 1740 1218 1218 1452 1452 1804 1804 1238 1238 1418 1418 1796 1796 1362 1362 1106 1106 1180 1180 1416 1416 1270 1270 1154 1154 1628 1628 1652 1652 1138 1138 1452 1452 1814 1814 1270 1270 1002 1002 1162 1162 1822 1822 1668 1668 1106 1106 1460 1460 1846 1846 1244 1244 1058 1058 1218 1218 1756 1756 1588 1588 1098 1098 1082 1082 1436 1436 1852 1852 1296 1296 1050 1050 
Calcium	0.3333	1827 1362 1189 1245 1408 1014 1761 1421 1479 1000 1150 1937 793 1578 1186 1513 1319 832 1026 926 2096 1089 1968 1171 886 2045 1019 1522 1812 999 
Acid	0.2778	1412 1412 1886 1886 1330 1596 1596 1728 1728 1169 1223 1223 1729 1729 1440 1352 1352 1427 1262 1262 1318 1318 1858 1124 1124 1888 1888 1420 1298 1298 1318 1318 2082 1356 1356 1078 
180	0.5556	991 1142 1259 1438 908 1361 1126 1069 1584 1117 1771 1340 1287 1864 1232 971 906 886 
160	0.5882	1014 1014 994 1447 2198 1290 1290 1156 1185 1508 1622 974 974 1874 1709 946 970 
140	0.2778	674 674 2038 2038 1236 1236 834 834 858 858 1726 1726 1700 1700 1050 1050 2158 2158 1596 1596 684 684 1972 1972 1302 1302 794 794 754 754 2010 2010 1322 1322 810 810 
85mg	0.2222	1124 1124 1402 1402 2046 806 806 1413 1413 1611 1268 1268 1313 1313 2122 1054 1054 782 782 2498 924 924 736 736 2090 1646 1646 784 784 1096 2454 2454 516 516 1915 1670 1670 776 776 932 2534 2534 810 810 974 
45	0.5882	1352 1352 1182 2342 2342 1016 842 842 1565 1376 1085 1085 1258 1607 1607 862 914 
40g	0.2857	1405 1405 1303 1661 1649 1216 1216 1139 1504 1568 1208 1208 1026 1006 1082 1553 1553 1556 1172 1010 1006 1006 1018 1010 1094 1405 1405 1747 1544 1368 1699 1699 1353 1046 998 
40%	0.7143	867 920 1135 1337 1199 839 867 1109 1011 1259 842 963 1280 971 
40	0.8333	1541 1541 1450 1677 2134 1173 962 962 2097 1689 946 954 
27%	1.0	1426 1444 1514 1177 1311 1412 1160 1635 1177 1736 
25%	0.2778	1469 1469 1429 1429 1508 1500 1500 1091 1091 1835 1420 1420 1424 1424 1542 2036 2036 1058 1460 1460 1417 1417 1472 1808 1808 1518 1518 1490 1854 1854 1210 1210 1730 1408 1408 1150 
25%	0.5882	1273 1477 1293 1626 1098 1514 1317 1347 1098 1281 1238 1672 1257 1583 1263 1268 1102 
25%	0.25	1162 1162 1558 1558 1514 1448 1448 1528 1528 1359 1250 1250 1840 1840 1265 1289 1289 1790 1790 1861 1086 1086 1280 1280 1453 1575 1575 1563 1563 1411 1487 1487 1859 1859 1229 2031 2031 1164 1164 1154 
25%	0.5882	1199 1257 1473 1424 1591 1209 1705 1457 1558 1175 1636 1575 1465 1489 1453 1395 1150 
24	0.3846	1113 1113 1552 1552 1706 1848 1848 1964 1964 1961 1738 1738 1037 1461 1461 1932 1932 1518 1526 1526 2122 2122 2278 1620 1620 1049 
20	2.5	1126 1274 1046 1008 
20	2.0	1093 1178 1267 1451 1060 
19g	0.5263	1274 1196 1634 1317 1135 1090 1404 1376 1362 1411 1259 1070 1046 1046 1380 1827 1595 1579 1437 
19g	0.625	1143 1250 1462 1322 1114 1295 1303 1306 1400 1062 1058 1139 1372 1314 1360 1209 
16g	0.4545	1046 2082 2062 1006 1078 1086 2137 2054 1221 1229 1283 1871 1818 974 1332 2333 1440 1123 1216 1888 2358 1102 
15%	0.8333	1179 1213 1783 1224 1599 1538 1506 1253 1489 1657 1494 1412 
13%	0.2857	1198 1198 1110 1660 1488 958 958 970 978 1014 1027 1027 1010 1117 1176 1247 1247 1507 1591 1231 1129 1129 1251 1117 1302 1535 1535 1388 1550 1473 1198 1198 1231 1108 978 
11g	0.4762	1082 1082 1540 2038 1078 1066 1082 1122 1098 2158 1376 1376 1122 1094 1756 1917 1340 1550 2266 1270 1098 
10%	0.5882	1310 1963 1278 1312 1704 1418 1378 1634 1404 1314 1366 1764 1516 1468 1523 1442 1476 
10%	0.5882	1237 2165 1212 1266 1959 1289 1337 1940 1151 1398 1250 1646 1426 1471 1444 1636 1236 
10%	0.2381	1500 1500 922 922 1882 1882 1686 1686 1050 1050 1010 1010 1968 1968 1516 1516 1010 1010 1294 1294 1342 1342 1540 1540 1596 1596 1286 1286 1620 1620 1500 1500 1224 1224 2012 2012 1010 1010 1082 1082 1098 1098 
10%	0.2857	1007 1007 1147 1505 1648 1083 1083 991 1027 1190 1567 1567 1448 1047 987 1031 1031 1265 1617 1438 1038 1038 1096 1222 1500 1485 1485 1331 1470 1390 1136 1136 1317 1255 970 
10%	0.2381	1114 1114 1280 1280 2134 2134 1018 1018 1238 1238 2334 2334 1042 1042 1154 1154 1124 1124 2406 2406 994 994 1236 1236 1496 1496 1352 1352 1742 1742 1610 1610 1360 1360 1864 1864 1272 1272 1670 1670 1496 1496 
9%	1.0	1120 1724 1249 1886 1148 1234 1590 1331 1331 1387 
9%	0.3226	1090 1090 1759 2140 2140 1978 1985 1985 2350 2111 1158 1158 1038 1168 1168 1377 1552 1483 1483 1446 1156 1156 1907 1454 1429 1429 1891 1118 1118 1042 1022 
8%	0.3846	810 810 1979 1979 2418 1173 1173 1917 1917 2330 1057 1057 938 1328 1328 1081 1081 1369 1279 1279 1106 1106 1526 928 928 1568 
8%	0.3125	1588 1588 1872 1872 1642 1642 1506 1506 1684 1684 1794 1794 1426 1426 1082 1082 1344 1344 1514 1514 1288 1288 1524 1524 1546 1546 1634 1634 1562 1562 1336 1336 
7%	0.4	1094 1094 1399 1978 2305 1721 1721 1197 1026 1342 1523 1523 1198 1519 1552 1429 1429 1487 1527 1396 1241 1241 1389 1176 1050 
7%	0.4	1002 1002 978 1384 1384 2108 2185 1413 1413 946 970 970 1136 1328 1195 1195 1463 1576 1576 1459 1363 1690 1690 1269 1253 
6g	1.25	1251 1771 1251 1523 1366 1851 1673 1922 
4g	0.5	1054 1054 1401 1401 1539 1384 1384 1682 1682 1702 1140 1140 1259 1259 1656 1415 1415 1056 1056 1224 
4%	0.3226	994 994 1022 1022 2028 2066 2066 1447 1447 2414 2430 2430 1381 1381 946 1108 1108 1202 1404 1404 1514 1514 1108 1712 1712 1368 1368 1557 1476 1476 946 
4%	0.5556	1676 1676 1585 1489 2238 1500 1158 1158 1228 1379 1530 1654 1510 1510 1499 1798 1546 1799 
4%	0.9091	862 947 1316 1487 1840 968 923 1222 1255 1149 1270 
4%	1.0	970 1015 1178 1474 1225 1133 1214 1182 1218 1052 
4%	0.8333	854 1036 1386 1508 1374 902 1051 1250 1097 1214 1215 1016 
2g	2.5	1584 1464 1078 1571 
2g	0.3846	1046 1046 1144 1233 1263 1404 1404 1371 1346 1116 1018 1018 1014 994 994 1018 1018 1256 1658 1640 1324 1324 1510 1482 1165 1002 
2%	0.2632	1220 1220 1488 1488 1530 1530 1570 1570 1530 1530 1220 1220 1074 1074 1098 1098 1074 1074 1106 1106 1352 1352 1652 1652 1514 1514 1596 1596 1660 1660 1424 1424 1596 1596 1458 1458 1122 1122 
2%	0.3333	926 926 1356 1356 1674 1726 1726 1826 1826 1823 1644 1644 1002 1002 1018 1306 1306 1213 1213 1609 1235 1235 1246 1246 1636 1044 1044 1591 1591 1090 
2%	0.5556	1403 1403 1501 1520 1523 1561 1186 1186 1374 1432 1337 1748 1659 1659 1602 1775 1309 1763 
1g	0.5	1094 1094 902 2098 2098 1568 990 990 1026 1521 2175 2175 902 955 955 2147 1837 1837 926 1106 
1g	1.25	954 1333 942 938 1950 1402 1381 1325 
1g	1.0	1185 1508 1264 1100 1059 1062 1193 1369 1316 1295 
1g	0.6667	2534 2534 810 1018 1018 986 2458 1016 1016 906 2053 1848 1848 898 1034 
1%	0.303	882 882 1305 1305 2014 2090 2090 738 738 722 722 722 1024 1024 1068 1138 1138 1533 1533 1336 1060 1060 1455 1455 1113 1089 1089 1653 1653 677 742 742 730 
1	0.4	972 972 1488 1844 842 874 874 890 826 874 1398 1398 1372 1073 1267 1638 1638 914 1781 1387 1147 1147 1621 1704 830 
0mg	0.303	1018 1018 1265 1685 1414 1066 1066 1022 1018 1082 1484 1641 1641 1383 1184 1352 1604 1604 1551 1238 1224 1504 1460 1460 1184 1406 1746 1462 1462 1352 1588 1319 1066 
0mg	0.7143	1101 1169 1765 866 1693 1063 1818 1083 1125 1074 1538 1349 1637 922 
0g	0.4762	1270 1270 1536 1108 1108 963 1256 1496 1496 1316 1369 1369 1548 1272 1300 1300 1740 1516 1516 1002 866 
0g	0.5556	692 692 637 637 1343 1873 1873 657 657 1853 1321 1321 924 924 948 1806 1806 1656 
0g	1.0	927 927 918 1969 1728 853 853 2394 1223 1181 
0g	0.4167	638 638 1156 1156 1804 1804 712 712 1716 1716 1236 1236 760 760 818 818 1708 1708 1676 1676 630 630 666 666 
0g	0.6667	998 998 955 2338 2338 1240 1220 2322 2322 875 902 1928 1928 1902 846 
0%	0.6667	1054 1154 1875 1145 1527 1729 925 1273 1534 1311 1324 1254 1344 1460 1002 
0%	0.3333	746 746 648 648 2180 2180 1950 1950 662 662 2366 2366 1956 1956 574 574 1556 1556 986 986 1604 1604 816 816 1214 1214 906 906 786 786 
0%	0.2778	706 706 1329 1329 2017 1771 1771 833 833 1009 1927 1927 2025 2025 1022 782 782 1212 1008 1008 1236 1236 1528 1388 1388 991 991 1672 947 947 1358 1358 1460 674 674 762 
0%	0.4545	842 842 2080 2534 1443 1487 1487 2530 2027 886 1423 1080 1080 1633 1442 1259 1520 1520 1448 1412 1559 950 
0%	0.2778	1166 1166 1902 1902 1604 1604 766 766 826 826 1782 1782 1916 1916 994 994 656 656 1104 1104 972 972 1086 1086 1334 1334 1350 1350 1020 1020 1496 1496 896 896 1410 1410 
0%	0.4167	938 938 794 2011 2011 2301 1231 1231 1625 2324 1546 1546 822 954 954 1008 1303 1384 1384 814 1694 1694 1186 1601 
0%	0.3704	802 802 1178 2181 2181 1970 1017 1017 1008 1968 2321 2321 1050 830 830 1319 1061 1061 1333 1498 1154 1154 1296 1567 1567 945 1406 
0%	0.5263	1764 2414 2378 814 879 2406 2438 1684 670 1487 1137 975 1540 1362 1203 1195 1555 1145 986 
0%	0.5	822 2206 2422 2210 640 1213 2530 2538 1391 825 1530 1113 1065 1631 1352 1284 1260 1635 1161 1059 
0%	0.2632	594 594 1450 1450 2150 2150 1590 1590 634 634 956 956 1936 1936 2094 2094 786 786 762 762 1094 1094 980 980 1214 1214 1376 1376 1312 1312 1036 1036 1554 1554 888 888 1506 1506 
0%	0.3704	986 986 1239 1725 1333 962 962 962 946 1211 1713 1713 1438 1046 1166 1170 1417 1417 1514 1368 1624 1314 1314 1104 1300 1211 962 
0%	0.8333	1010 1026 2117 1214 2113 1018 1275 1498 1176 1513 1185 1120 
0%	0.4545	1130 1130 2214 2502 1632 906 1944 2506 1947 894 1467 1284 1284 1120 1609 1377 1242 1332 1506 1164 1104 1276 
0%	0.9091	1126 1110 1774 1310 1843 1261 1504 1338 1400 1180 1094 
0%	0.3333	674 674 1216 1216 2502 2502 1070 1070 1610 1610 2534 2534 720 720 1438 1438 1156 1156 1750 1750 800 800 1198 1198 1150 1150 778 778 754 754 
0%	0.2083	842 842 1376 1376 2284 2284 1792 1792 1142 1142 1280 1280 2134 2134 2132 2132 962 962 850 850 1118 1118 1070 1070 1474 1474 1442 1442 1306 1306 1196 1196 1604 1604 954 954 1644 1644 1200 1200 866 866 866 866 866 866 850 850 
%	1.0	1134 1134 1312 1397 1397 1431 1409 1409 1332 1187 
%	0.6667	1150 1150 1326 1182 1182 1465 1562 1429 1429 1328 1786 1283 1283 1787 1350 
